w1	w2	w1reg	w2reg
-1.1688457061973834	3.0222021643223465	-0.7624529465883851	2.8530627727074758
3.0853550844285484	4.0089871721330566	2.993346105418041	3.262759807691837
1.8145787862635063	-1.0998824966176255	1.7244747057750578	-0.9205431559941437
1.5961031474827831	3.139451644161684	1.6763036725862632	2.8096130462295927
5.823335561684712	1.699962585242395	0.9700859240302246	2.7581332465450497
1.8743687423013735	0.2099894673196637	1.6752187382794874	0.3237781835304814
-0.09430024041600801	1.2916571103815537	0.023705978258117655	1.1974737814127534
-52.53983577935379	-252.9407904884986	1.349168353270997	-0.305034852893248
4.71561205960804	-1.2406265504129537	0.5431964451863326	-0.6389668496654489
0.20336408362896957	1.019118589130756	0.15708569397736702	0.9708845654476702
3.132131909974807	-0.15939996901487213	2.5615804586135877	-0.42389054958027145
21.292056948409904	2.3052690448900983	1.1635204994495354	4.200856181905654
7.402661616269843	5.282305236235951	0.6762089358298337	-0.06309667124499797
3.15085975267109	0.9830930479463753	2.4045430864799906	0.20349628662792948
2.472482776687246	3.907431409660224	2.3331326752362465	3.354043172914848
2.4018880114749566	2.903414065974567	2.1707134466834654	2.6724015892103434
4.784724136868009	1.967874398026027	0.5091423004626491	2.300580695395241
0.10292365830901463	0.9362102360998253	0.31589609032722876	0.5893814332136075
2.646197570929916	2.66602922450175	1.9817979193783883	2.2734416622340627
-0.4331707121380213	-1.261639877650258	0.1607772358223078	-0.7673009233582467
2.0623916117433168	1.7461798744536055	1.7664325531669731	1.180639521178705
0.6312908892223461	7.104530728463046	1.233215251853543	2.6253305114222596
4.908753884034112	0.675143051832328	2.063557113491148	0.6648993392986744
2.137116964298957	2.565732785373792	1.9491795617021017	2.4388136828816553
1.990079353101723	2.232842722435962	1.4395546796201717	1.4380040946548063
-0.27585725460705024	1.20136460482799	-0.26666433236477133	1.0874358314754413
-0.21031840761970408	3.700274230350122	-0.11845207120852552	2.556198960229097
-0.1117178030821471	2.680877830960309	0.20079110517686766	1.9850411348198471
-1.9177051261279503	-2.288245920136378	-0.16283768718698827	-0.7055500759431375
-1.787056935080276	4.612172645501357	-1.1880152259697756	4.0017072584594615
-23.574494899947755	-13.41961118996397	-0.29806805711262147	-0.6730850677985569
3.4744924395990306	4.355902547426442	1.0623231206237327	2.0955133395354966
-2.615948334971659	4.886065915267773	0.8819870766930987	2.428627574773074
-3.8560498207042313	3.730628143288104	-1.9324164639818993	3.024643460401117
2.134068776984638	1.8736593786127684	2.0414212689934437	1.69981081609138
-29.866079810573932	-19.77754475807831	-0.3458430373143098	0.3576401226558276
-3.862309060215939	4.023812221958488	0.19877306186215954	2.0558042094326776
1.8747158418566237	3.0588225865749736	1.6242105139829002	1.759455426962177
54.93527327155114	47.54391124547264	-0.7022132373029837	0.9085947915825746
1.9476873560669308	-0.5287091589575841	1.5411726007539792	-0.060116024837309594
1.587469035454225	2.823687433600171	1.4419071371595258	2.6574220608051995
2.58271353995761	2.539819334360203	2.286252416107556	2.508278592843613
-5.606172849697264	-0.864633698396308	-2.5278955803894476	0.7216981203832694
1.9378571589812028	3.660187345862848	2.1166957179856407	1.7320020366299218
3.451970651788588	2.2681436136355724	2.020002150231414	-0.23237346859921917
0.4048429732539088	0.759062131436068	0.19983064669586972	0.3140158085338581
-0.8974307803077207	2.868681747231234	-0.6968610820661232	0.0028776563772526316
1.2597909230628095	-0.17841950631298467	1.1512774946902444	-0.1387733288419773
-0.9445682624393009	2.7977856148307096	0.05752394092141468	1.7133005700185011
3.164562640827624	-1.5822040279748197	2.9335239313554147	-0.8817435400672772
-2.297243791784068	4.569601540897845	-0.7502007604648026	3.4398013231697715
6.422575731531285	0.16141305950580984	5.144904924888266	1.2157844400651399
7.309970326478848	-8.688969837514835	2.8697617562902766	0.24435669170571125
2.81072732482769	-12.497906045958109	2.618275886122992	-0.48676455731661616
8.132007700515281	2.21142871433824	2.4700585498222702	2.4568595629578462
2.4655963148018416	1.4497479070387231	2.181855340419538	1.2510050738393537
-0.34982125995185864	30.074396897183092	2.154419422517152	0.9327664851016421
0.07248431476099036	0.5733804276859247	0.007277389285205709	0.507912487293648
4.630994509043365	3.807305819607473	3.677666829722768	3.0647153776208294
1.6127630979346639	1.6041616499604259	1.5526212168805695	1.5342455456714712
-1.6874497155659578	9.203709310892485	0.5236809962300009	6.041098432823032
1.7712984875538431	4.644121937589073	1.483575165962948	2.750651542325538
2.2915117358696064	2.404522992463684	1.5004808275723265	1.8225299903405394
4.279002491914912	3.2708973295591686	2.8513468092090832	2.6616807670284848
0.7778150216081946	-0.8183007955358493	0.68813152546025	-0.7293368834956454
1.2543927266739285	4.168274508190889	1.7708380113573616	2.7435297508063243
1.3474745700721529	2.5447097560119505	0.0033763122428383616	1.8780105686279223
0.2301358969473189	1.7076751161166823	0.1983694984591901	1.2469532129405998
-0.7006419724024215	1.75086511555371	-0.24639050299453188	1.7204374131220752
1.8710126165635024	2.5857425721056266	1.7808858202540163	2.1673308719575397
2.5224642387875504	3.2245678413959005	2.120716207186141	2.99789919466449
-5.011733484584176	-1.4122917374729043	-0.047585514017479534	-0.2924662205830433
-38.054941742498585	-40.44083898910644	0.001715053932337792	-0.07596324730365236
0.8615291456328602	3.7490684832323153	1.2056437508012252	3.142770661815691
2.21798802288936	4.233891366643455	1.9688293683913412	1.7344436793233171
5.595133526930172	-0.1362391090605286	3.311361511044329	-0.5311789571703813
5.095937483620332	2.3602960500620758	4.253949770041786	1.322675851821119
30.999823652049606	0.5957020199924484	0.4933131467585259	2.1439142772598148
1.9842303625238598	2.306397088760971	0.4188972452389174	1.086023462778096
0.15313242693931267	2.127245227428255	0.4361522843201457	1.7121127126508602
2.772151055774115	2.537446683903398	2.674458250996408	2.4232693548430517
1.976070269877705	0.7925908176402502	1.4585113489041772	0.25245503072444564
6.846348310333841	8.317124572338255	0.40319026313879314	0.505378221481558
-1.5020619687022636	1.8600147928148765	-1.1466961990135984	1.5276318018236898
2.1805996192917316	0.26618873844625696	1.2977183148636455	-0.23774086681876963
0.7012443202713706	2.6172521045893045	-0.05803393031737944	2.3690820892188547
3.2266609193813762	4.109038982625788	1.9012387181373787	2.818178703775458
7.219202251226236	1.126248031520659	3.8550417623229007	1.402551815197813
-2.0040743051483734	4.73479595249155	0.6017486112678971	3.0714528528300495
1.5295838235752908	1.6961685137467766	1.287001714803288	1.300365951310769
2.370127785149456	1.5053494712548992	1.7747203138209462	1.7233479445668023
3.3768502401542557	2.0467626628608624	2.8445058284511266	2.1348011687612183
8.160292670384495	5.449772986254448	0.8182776204715669	1.6182187150049758
11.287515476450654	32.20698737071049	0.8422790803480287	0.932261123831687
-1.5865512436270381	5.045466038731302	-0.7120574201069555	3.7825172536747553
1.3337912492026565	1.4920447776054722	1.0929086957925305	1.2575831948476028
-8.725916301211877	-1.6313828425393253	-0.8933697825903688	0.9697695670634797
2.2865913000221303	-1.220812536102857	2.2346081180313138	-0.6997516403005545
2.0608806473128713	-1.2190714936665235	0.7612230315913607	0.24028033625297693
0.2368342559628213	-0.45619652230691826	0.26105905850978767	-0.34986836355701795
46.140140242365135	-36.10025445251392	2.32333316008826	2.610274660402168
3.9483937578798405	1.5757819503554467	2.1487029158541735	2.291306999622867
3.017896149104506	0.2409952354203289	2.7442744682626157	-0.03731779897050052
2.251758606342475	1.3875965818433553	1.8656434461680265	0.8298532771440527
2.6183137308418014	3.220828313477757	1.489264760719222	2.648632821578067
-2.150154932209202	3.100655515964467	-0.9616344197708934	2.6473977258620884
1.9680420109689705	0.8157647797713201	1.3533563014037828	0.26946552551464403
2.9379786647080564	1.7414268837117448	2.436102309197387	1.8886077266121593
4.142205749550831	3.0951279692075744	1.4470471372429694	2.7264049546825566
3.054290122366949	1.8822931150782405	2.6054469161804983	1.9902850633850437
1.91199494799231	1.3594473715789048	1.5893004185132074	1.054615618076662
2.2092475676330086	4.566263497006393	0.5846273608403965	2.9441487095603227
2.877409659549876	3.68221815548877	2.157651411700007	3.4724957091708655
4.378745009557749	-11.767499091220191	1.7892863207699639	0.2952557596262249
2.648282407929276	1.3375076292136494	2.378236204294558	1.217343063410067
-0.9988896412417152	-1.4335747008282602	-0.06064652699255944	-0.46987124744895725
3.3328596761241767	2.421882040285146	3.113631614775646	2.0037782096166143
2.136720243577656	4.80659092123498	1.2517734316474325	2.4948456985421195
6.614170158793301	-1.641440342552725	2.8447727616024294	0.2512877504125437
1.5754848064987168	1.0331040148397628	1.4538864181996178	0.9327281151228446
1.182307213952769	0.7426419690150439	0.7684377649014423	0.6548586403219183
4.4086832261518065	-1.1822841244190276	3.036319616218232	-0.3109956432088634
-0.8471526815202675	7.413418354296758	1.1829510364012195	1.6735052792091307
-2.083516928115313	-5.877531473641337	-0.11989104924469304	-0.660366482098823
-2.4632350940938545	7.521489878558899	0.5250328512632179	3.7928256936105966
1.1049237610174472	1.7259040663021825	1.1023783382798276	1.5550494070698122
2.171800156359857	2.3545624200853137	1.6167679247428557	1.6349312634312902
1.3016313395839976	3.1640298216054417	1.3992699057706495	1.4373261583124042
4.559494367181963	-3.289793553919106	3.2909241140512613	-0.5979684302552843
2.3814698738832805	0.16233903770344393	1.9902865846202202	0.46359158343678003
2.9134721291414283	-0.1927750460854414	2.1923635424334194	-0.6083631436546242
1.2855538921600491	0.2693591189784124	0.9690919971447055	0.250483342283562
3.080187537788804	2.765443804641048	2.780576725463068	2.6228030595090854
2.334335590170643	0.8406010794176967	2.091095856175036	0.8150951839818295
0.7845193047463659	0.6060323388637038	0.5572701001422348	0.0855525966325582
-3.1443724888290703	0.2713503712074193	-1.626753858314059	1.3709452121147354
3.782163505873415	3.0131356236918925	2.067310099096832	2.1296934496506417
-14.27015628047864	-1.6709713334194096	-1.112250062669565	0.2842474417217011
10.721477643139	7.522216327900398	0.5883635035958776	4.254608190382949
4.055092522596759	2.998352886593397	-0.196761984844846	1.5260991843767364
-3.804037586015458	7.314057639673548	-1.1732441287919744	4.34173797643884
2.596777841888877	1.939395261831566	2.3811877241952515	1.6426306486232085
2.8011419759278176	2.3760700633467766	2.493231224994758	2.1583929485684115
-6.669014261132125	-3.1961358004065223	-2.9603004722324178	-0.8230549855293136
1.7557547747549436	-0.5505942466707527	1.6082008410234918	-0.3224959913061466
2.0851063062485866	3.2525599846117665	1.0027526601034378	1.7710019631625746
3.351078269221432	3.068842149077579	2.185731796797183	2.262150526311229
0.30297527950664577	0.23676970406731315	0.21057117568412154	0.18988732727649463
2.3650171551569943	1.0120586640325788	2.099137062413782	1.0064058958601214
0.6927927547047762	3.7105605706733846	0.24948268272747978	3.235340047109904
-10.228514589147014	-6.152963979437591	-0.35485942624017935	-0.7575103851280439
9.383452990251703	-3.3566414242177403	2.2888373665897244	1.7300928954599137
3.7358306137430213	3.3045669449069046	1.580690104791449	2.656467260449716
2.404046515386667	2.134670579800818	1.5901479116197126	1.7966600438581786
0.1626963705230456	-1.7725426782300056	0.39355879815676814	-0.9573180893571541
1.8359138021509487	1.8074242243780423	1.6402907473675346	1.7071051518313787
2.8527724441773197	2.7246471184835666	2.1500588569585135	2.006899505155799
11.810747905260044	10.866643969265944	2.4379287709760784	3.6487047342425933
1.4278567386397887	2.7079377192395158	1.1749217257476454	2.0526516129513874
4.663798853500648	-0.9474966983172194	4.125191466306051	-0.7017734805281856
-19.476939247928048	18.838492360010413	1.8886471625952583	2.6555387678070885
0.26009664922821063	3.8288994970063954	1.231212042145718	2.1593837677480057
8.474025801814301	5.706331201444572	-0.1424207320392648	1.125412898283568
2.7166748801935574	1.6200718732865564	2.4090105825533095	1.2442867945898335
5.249272048490806	-0.5278194569945226	0.9526924894129142	1.415959290965069
-0.5231020345634259	-17.401993085837365	0.8075768078320079	-0.4501687422505001
4.393749524665097	1.063331563238381	3.664502801269824	1.2899411493202417
2.3852126805442446	1.0690392637080475	1.8525502949187003	0.8921492742906404
0.7163561148614307	2.2979741498594555	0.6860860159915404	2.1693759802624046
1.2276852799290356	3.5762664792304384	-0.5527357002708013	1.3113537750613649
1.5099766607351164	2.9458864583753592	-0.1519754377031202	2.4922821117996334
1.8682424138653886	2.082635294054123	1.6534700864888345	1.9813566078027156
3.2226848328439903	-1.0112562757318961	2.987688468836926	-0.6646204055864625
2.0361341088491742	8.727517532562736	2.7927974057236193	0.9744191058825269
-4.989565642530166	-11.523428866454266	0.5964547147532577	-0.962734319168115
3.3775165083008902	0.6324646405404472	2.345916050647186	0.5142834187525834
7.664880880480676	1.2788177577670103	1.526394508037499	1.8016000763072408
1.0241471638513695	3.6806817658361726	-0.40018344719840043	2.569989565933428
3.6454273305137983	4.18320402820774	3.292789634574049	3.694153454781388
-0.11932398323176316	-3.1931518966618273	0.8056099342708775	-1.5420988266713977
2.2263217675963887	0.6320612967074087	1.5667488748965364	0.786135053252542
4.994646714435637	0.5448754591144642	3.661574022619046	1.2018242059878248
3.9345741871226605	-3.5075487526604263	1.854261907985137	-0.8139972490414484
-0.29163735782512157	2.662021039297512	-0.07553500084151105	1.9131244725174676
0.4561008698836081	3.6686656425201396	1.1181506682692839	2.666926508268174
0.885860312982758	0.9983600920189065	0.8472596992655859	0.8382350011156021
8.272185301013652	6.066522697579308	5.403706831338122	4.281827460878663
-2.4201276166965644	6.086438044681901	-0.11936667718348166	1.9462232163239923
1.820916984883033	3.6152062568299947	1.7126142509029088	2.8191931891419646
3.743529666495511	5.604897672686061	1.3053943892212625	0.2882040250362552
10.018121324445755	-2.7275856948248087	5.236942347688934	0.753003970573762
-6.966836601924117	13.204003962452493	1.9113486779365925	2.253076249596633
2.93558977091091	1.1889810288853642	2.617880232876542	0.7901868092956562
12.667771836483315	-13.258416980393696	3.229962286187712	-0.10576837692467692
4.169397071771005	0.6424023779840706	2.024487735210931	2.130202399843847
2.0293833320264696	1.945396116552514	1.0278724765452676	2.0428800962037807
2.2207831245652696	2.458908517851872	2.1464043102996686	2.286107470440977
1.4730098280864763	1.4116652783384087	1.3493496793441704	0.8957097009756676
13.660124643009953	-12.541543846200968	3.8345712599134485	1.2247984395277762
0.49229203732239096	2.1435394405844415	0.3825673304038862	2.004455296470843
-3.3519989355029316	7.357234653463519	1.185153679875617	1.4528756850956992
15.902235766713765	-11.059264138727121	1.9945624691034727	1.8030447412580497
10.800165364633203	-2.492943473187428	1.5213941676054155	2.3381814671634706
4.040783283413906	4.20903355797948	0.5988910906377591	1.0661632922220752
0.8645906260271038	3.7713212524444764	1.1224976420620343	2.6756860214367886
3.276459738787888	6.115788237755433	2.465856013830744	5.066624653125562
1.1342356940790501	1.1676866847026788	0.853556197969747	0.7891970448040901
10.005907159154807	-3.674730612393392	3.565284891962708	1.2384010164803372
-0.5834044422732995	2.605297480369871	-0.40918297800001574	2.461760632776651
3.756585954936549	-1.1554524050507782	2.9221590695836537	-0.1758821779305358
-1.1103414108307712	4.106944848007449	1.0318834701927715	1.5820942827952422
7.671233261961588	2.791604232423911	2.385685556673204	1.5480891314061065
3.8255553478411666	2.414660773745633	1.541107564611383	1.7141182925386582
3.088886680923617	3.1965450333450063	2.1771347203797458	2.543538869945239
34.53468569145325	-14.472999288013876	1.4237818413527434	2.712205140768776
1.3154883365264745	1.7959610095789835	1.1088490255106198	1.5521208996740514
2.769818330498634	4.316042767000791	1.719459992964018	2.7696735632425353
8.477539119371944	-1.2478893869383854	1.6553080450996889	1.3939354001598327
-1.5068060544350574	4.7430699734052535	1.129574196544684	2.906035660099337
1.6707245538443045	1.78663976277366	1.14821872000344	1.739246591352601
1.9444556181465478	3.0701914550023384	1.7433140266743345	2.599007330150883
27.06320334362759	-2.3065735495412256	0.40515329428341956	1.7715714925062649
-1.382667266364025	0.12784723196509656	-0.8852589791458209	0.4064052327031755
1.0842695904271935	1.6522741757190795	0.9778751021615809	1.566390358550201
4.5278484785452	3.684272490898115	1.51756281333616	0.3624601792759469
5.2172316374677	-2.1275530575947292	2.9190402675935263	-0.24757200398178075
0.11662465301170859	1.9297717958455647	-0.11643543169816696	1.5183941316195357
3.534498093214749	-3.5784360106811652	1.8681064874653728	-0.2862797193513907
2.0581194263440454	1.58625973979297	1.2249476581229095	1.7863040912176988
3.7620071735592853	1.4618699034171692	0.05622516975481793	0.7589816554372654
-10.600073470278772	5.2873872137774445	-0.7044562683424532	1.7095109687847154
6.005719407941303	-5.171262584053687	1.254452057001925	0.06938467934073984
-0.027132149430483487	4.334545203191463	0.2701180262719634	3.35892332595347
-162.1521850197633	80.1184373289977	0.15631115778988183	0.39879716074593774
1.3038075538387948	-1.169078831439593	1.1750809507246598	-0.8204502281486369
2.1203384675191157	3.3359365686020532	2.073543123938227	2.155518773454498
1.1809170585496338	2.7954542753845963	0.9122051168859505	2.440677126173237
-2.688498009679648	6.074707725565244	0.7649359285082662	3.267057868828985
3.0452304834854673	2.6173105679213164	1.3033166388419202	1.4944047207745503
-47.11254292937845	-76.60487446675991	0.877972388443206	-1.818286872982548
1.126387804953328	2.4598549396914855	0.7272378439449948	1.984989837889454
1.6287577953796362	0.9874473120069537	1.1094282069032069	0.6645207537388922
-9.984747986429085	1.346860476623817	-0.887442233102515	1.6858455505948098
0.8630235230128499	1.4593178937956797	0.6496252372720926	0.9009218303062797
1.6358897274966357	1.1639378308439994	1.1213415665203206	1.3882467855728162
5.169202391442622	1.9697729190426865	2.6660202472397088	-0.5583379004213974
3.6399974350800046	2.198086405813715	3.2388073374605106	2.071194160204589
-0.3709686030113648	2.5878804789715546	-0.583501541448691	2.1091797379011
-0.6185135793264315	3.2717717464935516	-0.7267299043400436	2.776205550758781
2.550828816949116	1.3854102032083575	2.3023652340678864	0.9854062679085178
-2.208741719929996	3.0689487531156794	-0.4968849627857568	0.7196299624578225
4.166354148284409	0.011872561811220754	3.265998685605612	0.6097950197315983
2.487480125833297	0.9393534106846596	2.1911329064477454	0.518426670134346
-0.6021256888518057	2.163762085556538	-0.3213221849051345	1.8904893077579819
0.9640729596198964	0.7952956457869466	0.1830746278659495	0.6943902411492309
-91.28338807584302	15.518194219269448	0.2714146369606825	1.935664617826374
23.327645260439393	-9.239823986617209	1.2798322407765372	1.8033412150701034
7.069081965556818	-1.5369550441624271	5.092729370787133	1.13001268878789
8.2115697318484	7.979798595510058	0.5368045100829397	-0.28245158976167256
-1.6781287572620571	8.129091269232566	0.7673265766823909	3.7438980912732394
2.642421466117674	3.201912148403444	2.2064956384833687	2.371119002458133
-0.8878706796322993	2.2830099654983713	-0.7260260407203676	2.1217929583241357
-7.010383876083908	6.206654474156871	-2.6872969996004445	3.320755207069375
-0.6455360181236357	3.2834381252685088	0.6842517362677647	2.0891205726380995
1.6146522965153574	1.2398585989287239	1.3258651781635613	1.307748122745773
2.387116988041569	2.010345023453322	1.3460432496306425	1.3210673323068038
1.5403326465415281	3.4388515165410714	1.3231628158623752	2.574332641956932
-7.8616304918992945	15.45504835616804	1.4171473745642214	1.7988512347321948
0.7467929467380743	2.1716078854673757	0.4492329603013343	1.1404848623321118
3.4824014488791586	2.287716307816755	2.332063848363907	1.9319184481301688
11.350735809088958	4.012202167002134	-0.012958097525618642	2.6418001195505876
6.93514692267342	1.6326692496597308	2.5833677190963678	1.4920400495758375
3.3265043655409787	0.7677509757026155	2.3710590774191136	0.46486077605033044
-4.825861463477665	1.400889419728648	-1.4293052715532981	1.4394779799238078
3.2971938409953045	2.397486954687373	2.288834980101886	1.9206013368319053
3.9735817616378406	-11.18140265163045	3.3033752585719407	-2.8370543826852628
2.995349801109659	3.093063493587623	1.620592281870553	1.4683067661266576
-3.8126141806877643	3.446322375189316	-2.1780335309244014	3.057370001830406
2.3404669774862756	2.55048925269025	1.6620346709611407	2.2611001658295975
-9.693682841199411	10.14640952524923	0.10710254754067024	4.312924360719447
1.2847887071174164	5.706126866969073	1.4941262099361248	4.824006395765336
0.6851068944019718	1.3920158380183925	0.4141171834210033	1.3035320857060522
2.9866363717555418	5.349753890539514	2.7353938312670003	2.4127411836277206
3.064476611729787	5.118524451607708	2.871986454774631	4.081241547169264
5.122361874391829	5.769990300528729	1.1995807881464406	0.9372866926067501
4.508456597641907	-19.37957182295794	2.383714726102893	0.09412807598535972
7.313116410579447	0.30798499098581017	1.482331474362878	2.1050057555861246
4.474392637224572	5.6987367237715345	1.765584435092824	0.8690410424158824
1.4950134465612706	2.2007162863954903	1.045035001443223	2.042140310798039
-0.8601419765677412	0.28292922196718817	-0.22797831368873986	0.023141625061650763
0.6898360987990682	-2.944959883799954	1.0454754073671222	-0.9304242462446564
4.00120118444866	1.4125748402077074	3.452418597048386	1.077277303137065
-3.3279282201180056	-5.766774254057581	-0.9083002768093889	-1.454098031060502
3.1081099793581313	0.5769958303843703	1.1211913318487623	-0.7589224324052649
1.7224998230271031	2.773926358943979	1.6345715865510142	2.524889793929575
8.937614402043792	-13.260260716686307	1.8564982949978712	0.6220565344263351
0.4501936503611357	4.004574875500027	0.9873699559989976	3.1630969272877443
8.439206421375317	7.7852534278636645	3.3399041210905263	2.799757529133867
2.554963940332791	0.9539858476775325	1.8921584500153745	1.0450457417192633
-15.626589338018839	12.869759907584491	0.14118515060187242	3.1169150123402134
2.0026789824603513	3.7575023681141353	1.544467483509997	3.540429140313442
0.6859591689198146	-0.21274917334869337	0.5773936467633448	0.0006183571685422094
1.0952961991971395	2.8497038177816605	0.20617929094736878	1.2696483289538778
-2.853089005481219	8.66511983936556	2.039072678375502	2.5540926068150998
-2.037988504308184	-2.3021934479732455	-0.1323636515742717	-0.15769147421453797
0.9679074018606817	5.910461885378968	1.301329613376837	2.4130708934729475
3.876605693214169	2.6747855480925185	3.0239930034838567	2.3233599111328127
1.7104702173839248	2.579731613496365	0.9202197424396826	2.136620883107267
1.642198692705199	1.342360291138941	1.5565796655769522	1.2696544868248896
2.1157617982737604	0.6415492007507545	1.867450348412954	0.4351465384272293
2.1202273551896944	6.072693942690605	2.1981109813304136	4.560579640433813
0.6270888735687621	0.560491986085831	0.12187761284062909	-0.06587616827554514
2.6572047495546625	0.2654300609386212	1.3653516868285127	1.0115731137729853
2.81154000482252	0.870946508031554	2.4183396587137374	0.8814652534414996
-2.0240737831727733	2.2528673740495653	-1.2794151326674514	2.346092804733215
-7.344408305423351	1.762088372439698	-1.5823084240543217	1.3033675374667564
3.2451819948047085	3.554420915414792	3.314394438858037	2.629788483453956
-0.7146143908316812	1.1681288876296556	-0.5280267494730214	1.0306539130375583
4.367938061925225	0.34232248392802933	3.220120433067013	1.1619765642371112
2.238256168882676	2.264010214206824	1.8003227377403497	2.042382082290575
1.4013394983553404	3.5017420932302072	1.311666676392791	2.7938051342168544
3.6888903462158207	3.688232706459917	1.8999682854605826	0.5023675759960495
2.233371276076325	-3.0976713490244294	1.9423778804830738	-0.8682356481667778
0.9292608145952664	0.8021471642928432	0.6487132009592332	0.797387433359163
4.9329038219089325	0.9277641393155701	3.901074554256043	1.3289201794024608
-1.7781325575477016	-0.10051716840457962	-0.8876594894788928	0.3752907940117413
3.262288769682919	-0.17664822746871991	2.919721713400756	0.10563390162070807
0.3501821047279989	3.1631542761669174	0.9130576146031099	2.55948110364195
-0.09024578164578805	1.4610814513810184	-0.21927965208296063	1.0606557214624128
2.3988418746093347	3.5619589730741703	1.7423925755414509	3.157013281705396
-3.9515771233608854	5.377629243039965	-0.39097660234915993	2.711299385046712
4.748698649318413	-0.4567241193622535	3.688267523868633	1.0780385875229828
1.3292011861611335	2.225400551791916	1.0544778898465863	1.8394930725535872
2.2028567322969512	2.793393366971292	1.7998065529797962	2.2496375536286712
2.270303502565658	2.83500900296963	2.205621044707477	2.70650842993112
1.1446236046035572	0.3957237035735648	1.0804185115778253	0.21233270838724327
-0.43618793872914097	1.7688847800505112	0.3809749854348385	1.2085097786962369
1.5035812978493552	2.4084331045267104	1.385079271521457	2.1243793084790936
1.4581499880505382	3.0308098625457656	1.425348489712767	2.7068897663353977
-2.843128739304362	6.335695415904878	0.8186464407679889	2.120650597078518
2.9746351157935806	-14.271434421647132	1.9876507183566634	-1.399013609187533
0.45902196370721443	2.239979063709556	0.5855989564613435	1.7137284895149443
3.777507067572888	3.554151355180132	3.4966889159670194	2.650287248924197
2.6593509681147904	0.573316492966226	0.8695057313044664	0.3932674567587956
3.873502942792372	10.333003849164061	0.3227733320402467	1.0194078336248957
1.203919259041706	3.608349731728964	1.2345733476952048	3.005515624392283
0.007625598793137688	2.2492892257363923	-0.4065070682737101	1.9835963122705471
2.1964461469940284	0.8532627357458922	1.6085704704409745	0.494698618288328
2.1425163970440155	0.8590258549245416	0.8925610216327371	-0.027390540679053606
2.538475677581857	3.4602085260048	2.126106603467566	3.1825722334812196
-2.3792949079097494	-2.6309153844116966	-0.24482213341342252	-0.7009614056991961
-5.550131078122269	-12.46925223290375	0.45706971362731397	-1.9301295314541047
1.3913518811183094	1.1454196617525536	0.9568506852532511	1.126941244538963
7.748812065344375	4.173490993080668	0.07043052030589092	1.1135723193986102
1.070212120574628	-1.6047433830226758	0.7436122803465689	-1.2414475377312972
-26.470328507292024	2.471378470377714	-0.9644801729741598	2.2404585556153713
3.675359623580439	2.1541856954565555	2.362717047914632	1.6205276515296447
1.51547781414463	1.7218413898570535	1.1650534878372911	1.471806785688125
236.05021709004225	299.34572006489117	1.1573471525907975	-0.7631526118988755
2.7090539576868626	2.3797213616913604	2.4312561405181006	2.143757380311121
2.7614633091358085	2.530699432505275	2.490777420349732	2.434702378574342
4.3786418650862124	0.6868223318427915	3.032464547666749	1.5002040787089177
2.576787480800799	1.9163641120323387	1.5316230621594846	1.3043629366297693
2.454672491733613	5.328476925480934	1.972774712463097	4.307931991599981
1.2805251273211233	5.935864494846433	1.743204428309603	3.8274569722778784
0.7228361133398727	2.980925975553683	0.514820334288906	2.6364618721300626
6.354754725442755	-1.3567729409053224	2.8897221859427944	1.057341756880083
1.649634702755986	1.491987877297747	1.4185735612539498	1.017875523583919
6.378676819235367	2.8301266013233857	0.42165809967819234	1.271500626662699
1.3021221461581405	-2.3964306178098833	0.8808010448181324	-1.0370160356829257
4.206662768980801	2.718404462429971	2.444699174991544	1.51938016972446
1.3741540727405357	3.150113555123804	1.2805185914459856	2.816829469809593
3.0790209092557776	0.801873400070214	2.761443579850768	0.8848465206960174
1.2685129177160535	1.5571328037454732	1.1911841436736614	1.469393959168634
3.2561275901347804	1.924486001722001	1.3905030484120884	0.7851458132414398
0.4613264075466659	0.607310569777294	0.35147122671230263	0.4759669554991873
15.578706324748678	15.584618773144543	0.6226122567261844	-0.14684028725749174
-11.744423800208919	-1.3309439804424916	-1.5403973175412438	0.4442446483424037
1.316204754700883	1.770698458576179	1.2459757334917234	1.6556508861090784
-0.57297739066369	-2.3841618388649115	0.29188179249768464	-0.8605229824795947
4.171419586007916	5.783471294589608	0.711963893947529	3.1152913729846885
11.58990674367554	3.2655561723199575	-0.058400523598856134	0.9361788680204708
1.1943916442151286	-0.6717156286625319	1.2060205593578626	-0.33320079604234126
1.5462159057630693	2.6595291404402492	1.6040051256040653	2.383914755119562
-2.9233582302538608	-3.289990067413053	-0.05071253050520963	-0.3551855580635171
2.6895386722323202	1.5158294748378776	2.2908238214537855	1.241113766912766
1.737913596967261	2.9814522930255642	1.288048015168215	2.4965081927538417
2.3068083912207658	6.646814426858855	1.9198051875911193	0.37084963218797323
1.9415307485568838	-5.855196449891719	1.4226177241688833	-1.910673380967407
7.5167834496594885	-1.150533298269931	1.3825313331343942	1.6691615723806963
-2.9763935565933193	1.0922231772014832	-1.8761173816627783	1.1024911610305659
1.744809162673667	4.552801652881383	1.708773960927624	3.0879050721834456
5.791779679604182	10.168313123971467	0.7618872985415639	0.14233635721622698
28.2882308560628	-9.447542901583462	1.7248962843267677	2.9952218505000485
0.019908587314867814	-0.6650881301736128	0.20233612905068935	-0.18991843407109632
2.369345207169088	1.6604600419770095	1.8240839575435244	1.2575419679875999
1.7530544390953433	1.0528967948541277	1.4615609970886785	0.8722436829033786
93.15139716660774	-36.48343105538117	0.5460595723046862	1.2148934902788044
3.7508364900831666	3.3319470822350623	0.585229778993397	2.012409631115346
2.328955004624184	3.170127285639206	2.226253401629626	2.2782375174068203
4.218626285894386	-15.01564845239887	2.2100795341387025	-1.2764941529306637
3.33363357272309	2.7925196632016145	2.7101659149982247	2.3834578105345603
2.030390645440077	1.3298041152591384	1.4218092611431397	1.230083574686001
1.8514596894760722	2.736557026836854	1.8058177741590862	2.5321900707369576
7.3108610118124595	2.428896419825982	1.1909112785257125	2.3279764887366667
1.1394815580950197	0.5429319195165649	0.9993655457787423	0.44766066633628243
9.424617897550789	1.9516257979945493	3.308152837302759	1.8687113757575948
-5.978567697095771	4.411926267499142	-1.929547913067348	1.6954300958324677
23.628454535007048	16.32848871501897	0.07588103154483018	0.003990887794973638
-0.48378407053554107	3.155966285916504	-0.037403847469191315	2.602676685593789
-1.4658162052093155	3.3790944827456224	0.8061353231061469	1.7419757997730834
0.4408587470796682	3.358142677413575	0.9010952831667681	1.9153875056293255
1.922792535479906	1.6071120730178272	1.381322152087753	1.0653143080506584
3.834666063493122	2.911111745114209	3.154042971371642	2.7277359804421386
1.3209979159620533	3.2071484766426925	0.18817725276151107	0.8667449180124651
0.09283465924683057	0.005388166540058784	0.05933269543980119	-0.007021266282496011
5.935362822567991	8.555666079110694	-0.0820872739553973	2.011296980654783
13.7955664053773	4.018643674146769	0.9136539165360662	2.9457077957668933
2.9512903642003483	2.6161589442364037	2.6350560305711332	2.3348338477163333
2.848522091988732	2.7013762375442605	2.7217520548828276	2.2276789898696907
4.379769512491069	-3.853466542561016	3.5991820339590426	-1.2043602374213798
3.924194107602451	2.0004905048225807	3.0854249271829923	2.063708109488771
4.463288238621224	-7.441701268405398	1.4008136045059565	-0.07666570528478318
4.036081016504652	2.4228948415953178	3.702580494096396	1.75504326401786
-5.13661521908379	-5.894195459041585	-1.2889852197472378	-1.5078037069938202
1.7154678051504662	1.6864515040152581	1.5451756233450933	1.5245836359147766
3.527013168737944	2.010376641822079	0.405363659890635	0.6191522446739312
2.4870470788501517	3.38394422797444	2.5994342797677916	2.073531774413866
8.655193951222278	9.880885763210312	2.7695396259522282	1.3237688457598769
0.8202385205958154	-4.494209205475835	0.5515191207220903	-0.5845821269713212
2.4729627595059864	1.333159058346839	1.175840207413991	1.1007544283801776
2.439986049321659	2.638665291607121	2.408387121611194	2.2362753485271125
2.5832558405525323	-0.6303631918243738	1.9222373437029698	-0.2431458289241205
-2.8496769131287447	0.2869936418125113	-0.6897762705888157	0.7740049820536827
0.06851491394098749	1.0698532746691567	0.06041221779342802	0.8849838294095721
-0.7493598653693527	9.099483511013165	1.8096134553265806	2.666988451147406
1.9285953866920131	-5.511664905699223	1.6615242136093036	-0.8661245462372036
2.358997660517308	2.045147412522848	1.7688191953768506	1.6574489808152444
1.0986824235204151	-2.20078696360216	0.3796248196452419	-0.9500208847164554
4.075441014555017	2.2299919766485274	3.6412371987238963	2.1795398351471564
-9.2094244855941	9.567779468919506	0.5879918271454487	3.9019054308190086
0.43870613693886096	3.2161430538180333	0.5763782854751828	2.7780865213975288
1.2162119902792925	6.445420701903222	1.47805695997733	2.7442305557314697
2.1850958065782686	1.7114917052275556	1.2080754064537227	0.6637840429907101
0.20045933064010477	0.16084452988548073	0.12391385126973944	0.13293999097330078
9.292705522275922	-1.1411133688002684	0.909758399654664	1.9198923802698555
4.863766833670539	4.818895756770416	-0.0935645701157965	2.1611008860275502
6.8651134247192145	1.6569205985251814	1.5466411083677147	2.2396706048145796
0.5566519708809703	3.407204003933228	0.863930725322206	2.583979575379019
0.9778633131469815	10.548549924731113	2.509534383205716	3.3357348453473596
2.9339745454399044	2.6782256800620714	2.335183624679406	1.1354651104262499
0.3349719293285875	-1.2641490218852174	0.4121957436533245	-0.8870420030948034
1.3063153795331401	2.822147645174313	1.1140453574310636	2.5448904038497893
2.3293768741650425	1.555294455951607	2.179373002714603	1.434755171444119
2.6129550708113976	2.3451797532711955	2.1932440397867805	2.2794372150568605
3.0813708188903095	-2.300626120049368	1.7369311770611113	0.2042554037218744
-0.43614472000453836	-1.8650671290929146	0.07346342798348314	-0.9465465157799985
3.049618003753427	0.6713420257313784	2.399226368694353	0.9292214939917824
2.0723055860170816	2.1484382806917033	1.477413741488642	1.726621208495398
-6.390845550777638	-7.483566215420548	-1.2823775846553263	-2.1116327243318027
3.233491138462795	2.7758926524414687	2.169566524913998	0.8032644251164185
2.667204718836161	3.8433820524751243	1.0793910287962896	1.8568890740818824
-6.453319581045903	7.2327611803375165	0.20539348965861853	3.4168693301969806
2.6020457753122144	3.977381364875505	1.8481725387309964	2.466172577387184
2.6593144422688115	1.2186136784078754	2.080889525891543	1.2714507163377424
2.790624090347438	0.811756672620469	1.3244511134511556	1.0569573319184529
14.9269912532046	5.536001800202034	0.0550458027794743	0.7592144941375444
4.967982506149692	13.634411022939291	2.4606237195931415	0.12037590702081717
1.2914766100701502	3.5154135575069767	1.3725419469266276	0.6555232381324476
2.4200842363508457	0.8640032936569101	2.1803328423327524	0.8202264931519107
1.8741292208901703	2.179867379666824	1.6754764293020823	1.4690786575430246
0.9583921172584842	2.0943317741045577	1.4081702611358975	1.4352384124764501
1.7674779120954072	2.262941563781737	1.63427177377513	1.829053777832838
3.1731455420411776	3.795576838435907	-0.4607494905851252	2.687279214311442
11.235754830440797	-13.813629917726999	2.453109087308441	1.2236334884371727
-3.916733742478573	2.023099573446519	-1.1253345465639815	1.665787929114799
0.5296807741560783	-0.8560140947101459	0.5555171442084266	-0.6667769118773827
0.9211721002752471	2.715962191162066	0.7775782515767492	2.535287498479999
2.537076598504485	1.118049047252875	0.8325192579355476	0.8126302059169865
-1.0472448551761184	5.72753765670015	0.46490642950853395	4.07444322993135
0.8719072535837031	1.7250567651185222	0.06473915207702334	1.2321731909430607
2.7262157398002906	0.785637988042493	2.3510144733300833	0.8933153085687087
5.141144186771394	6.231343282434801	2.9455329259767598	3.6596561584712846
36.31384290336605	-123.81225053147018	1.0555974765236176	0.130004405829447
0.6174278326393836	0.4973030853060055	0.35178849925727596	0.16379458910412187
3.978029630937656	-4.670959575774926	2.4182872699872013	0.03008772082206146
1.6388743752174317	6.971630766836584	0.8105447606021405	2.0255067061559995
2.475759839864705	3.844288172096889	2.237448568775259	3.277913798110495
2.341097251224218	3.267387670303611	1.975740067134195	2.1030950771289816
2.325978320057667	-5.737084755098906	2.9514506074051816	-0.7488147780881589
2.5065804741266704	2.3355245123750166	2.445726623430349	1.88632369862176
2.0116444420881834	1.3112704901872454	1.8235333639960518	1.1679577715566722
4.698821388859612	5.98692929262382	2.6061616479705787	1.9853407685599345
0.8319688693515437	1.160798889307688	0.6972254338843455	0.993109237868065
3.2028477794385983	-2.862801599323245	2.8582556013343168	-1.9332187537241545
-15.390959035062247	19.49003559904394	1.5194721184774993	1.9464145935385955
0.4580700728721165	3.593138061039407	0.6491915218682744	2.8629910393305567
2.5881864745360015	0.4551732690979168	2.2703360795472847	0.21159725869443752
4.038365844539196	5.397557942315233	0.8653634221544199	0.28538543698628
0.18054840579644738	0.18849930139719975	0.07646797548957388	0.13632648007726791
14.254118641397397	7.515494564263205	1.5555645933422637	0.6605305274675803
5.6006685112381085	4.527599976455943	2.764391922600136	2.4702730910340573
-9.402448396873469	-21.87160280576768	-0.2630207437457983	-1.720428876333575
-29.607103203518793	-1.71591403150575	-0.30749131102859883	0.7625369657160392
0.7701522225014569	0.17007356803228588	0.7231515264639445	0.1556072614965326
1.888700463473892	3.555899038616145	1.8620779342360845	1.3322137966629461
0.7950262033513562	-1.5534653629134705	0.8480288829073372	-1.0744491920097403
7.797388526332506	2.8057349379293615	1.3201839803441677	2.528121246555954
1.63319833857281	4.9777967405194365	1.5692146348645113	4.142560042004399
0.18228252902553685	2.5093226628955536	0.16897810816625794	2.230660327714403
4.958179180882519	12.151418405621822	1.8271278347402955	2.0216620078110483
2.6785461748431105	2.019576768564553	2.402370470577347	1.717232561049116
0.3287322746085901	1.563636041075999	0.30081361083282454	1.41255305464909
7.7191175697644185	8.771935383427069	0.46904087260838173	2.2791273066902855
0.4660749766496943	2.280662457187765	0.9619802610633318	1.4758362816990485
7.862716788902125	34.63657710877014	1.029286114089592	-0.046161910150021336
3.575834667598042	3.8184612450362208	3.147023731892593	2.4487465518741867
3.2414305167805417	2.642090926847463	2.236545125122324	2.1399574108228756
4.711559502292917	12.211279039343314	1.489782472674102	1.5573831181293494
-0.2041001165769701	3.3661651935306502	-0.0778318479449384	3.1596522965189004
2.3890423689067726	0.07497581705885618	2.1047748281938587	0.33262535406963617
1.24852012407686	-1.6166565058655924	1.4974880914762385	-0.812532914057637
0.11179803799610914	2.774455420891703	0.5538870015457648	2.196393635830895
-1.1085630408987368	-9.657596677191199	1.5439918393891128	-1.246469867720587
-22.20691283990015	193.8510350600928	1.0818754409135856	0.19871741510558774
-8.065796089404403	-0.6517731724346888	-1.2014061367388404	0.8251711366138698
2.7132148394624536	1.8430725117268267	2.2348040486577063	1.405120998730434
-5.445678778204398	0.9526637105294297	-1.0249664079832048	1.6478440115243305
-6.603430273385724	-2.2268374411518033	-0.3035762767367792	0.05900225966792679
1.249573263098881	7.012059280909684	0.9043228071354251	3.8763536229042805
0.2152305955903036	8.562615376883723	1.9007591562932957	1.318351383779292
11.283813307163891	-1.8211176107344287	2.6444759109249762	2.292851031061737
2.732837974768598	2.701313299542356	2.0827512693424612	2.158862033379837
-1.3106718696969428	2.01653113571899	-0.45258430816595285	1.5691100107227711
5.783267607169089	6.582900320619882	2.9432385056172077	3.1130976168222704
-2.0944632899397977	3.949618143530475	0.6049290554500409	1.8784766466577745
1.7910631391303173	6.892253292678493	-0.5156441054454659	1.7897564622096733
-0.32014439774994613	2.981127327764754	-0.2656444648977837	2.6734989423736826
3.3097441595908155	1.9321185181774092	2.0423910773746337	-0.4288636255697918
2.476634912501445	2.693161208534121	0.38972494542843866	0.29374172886036987
3.7288212909811156	-2.228992396383868	2.2367451006700967	0.6271275688166932
-0.818422862958637	1.5960011219647843	-0.5409050720299249	1.3336038554786445
5.6707813621995165	5.1708448628615065	1.9279297366893111	2.084780241012085
0.4494772112920008	2.2132643209990257	0.45142073515022796	2.0893276267536374
2.297776304322134	6.985529216663145	1.8664894845834064	0.01917810108430532
2.7588950198598727	0.02993557629621372	2.3165529323065335	0.8618962324492335
-5.62528744767079	4.338560424510692	0.05752205738643574	0.9051429602244082
5.68751237412627	-1.0472658122694924	4.5553412968990825	0.42294694420322754
1.7831954385736521	2.6267369084598373	1.8108652761458883	2.2423792944769705
3.205661902545529	-1.7609839261050537	2.2857816841016088	-0.20285693738851812
1.8165204607977192	1.9990472937367343	1.6792404756685093	1.7641081153955507
-0.6545018926013989	2.673662206629079	-0.37490163480672783	2.2927299084546595
-2.5010772820394074	-2.3825926621486366	-0.9401237333607328	-1.0173143744029252
5.6314967397578375	3.604421931929447	3.1021939306506336	-0.05966947596802743
1.377953738672914	2.5141700790071053	0.4869146522138168	1.7817200572350087
1.998595879656595	-1.0792802341612788	1.9554037721833655	-0.4400375509790071
19.836349691716627	-0.5093644874308344	0.2682703980091144	1.1244588887547844
2.377602311405836	0.8195986810634552	2.182139508652842	0.7616547880068716
3.272955501638062	1.610089367165588	2.828321543044875	1.4754424684293195
4.249303517777382	-0.769507759900397	3.349948120140446	-0.3802334881403936
3.11011953084031	2.2138799517976047	1.9071879906406446	2.478892161099543
0.06755211349469344	4.04963660914733	0.20301552934111788	3.4195226307339475
0.9493972846416726	-0.08275891304374003	0.8699494586458607	-0.10642766729423671
4.778370444659813	1.7365966769288281	4.11501785565303	1.896185614367263
7.944779052239606	7.8545734610639055	-0.42172566127593847	1.345567993316174
5.558243768037283	2.934872795020059	2.0925367478491674	0.24267599012095992
6.935677775088866	2.0151669126318486	3.7493753999691886	2.575763234289241
2.2789597797041807	2.679421494336454	2.321315685631624	1.668659214023603
-1.5894700277325464	-1.849448268650383	-0.7077541596385052	-1.079580872825838
3.1123340407981215	4.088291063509345	1.9372053346827642	2.0851513419304686
3.1345712750537613	2.6193009064475374	2.596765989133828	1.32539973757955
-3.9577987397680943	-0.7329788480238963	-2.35258077878064	-0.038478514056252675
3.1655473416147775	0.44600936752369963	2.9493914430704105	0.5255779603443903
-2.8062571923629727	-1.967080001047009	-0.9821004870160193	-0.7773614449470067
5.693331071577898	3.198417520476897	2.7747815991569604	2.0415340483116515
-0.3512984203329174	3.034939193150098	0.04091455636314086	2.168841528754644
2.3988376547749732	2.105400017806431	2.2329164288345433	1.7602947400797315
3.5654184391835653	3.9659410567453133	1.8023298422887504	1.6121857594704563
-0.03894578463577685	0.15719275702582614	-0.03689995147283102	0.12732199401669056
1.7776660417171455	2.650187545399635	0.2894074963327624	1.751447913259325
-43.141124079598754	73.24281165605738	2.8306678543708914	1.8695950860091415
-2.099660630672255	3.258489728297384	-1.3293436776204088	2.698105494546676
15.2973989621047	-13.553330566586615	1.9690529300853066	1.5124656795476867
-1.0470406259118628	-2.769493708934515	-0.46506940484343895	-1.3862646186249334
-2.1879091726476227	3.3024440412627034	0.4719049256179701	0.6425614666487697
10.633991910605259	6.130004283153277	3.1204529959560077	2.7448824210671483
3.6444919551773185	1.777198417053463	2.9350243632812427	1.5576379729750303
4.2582319068233305	1.4233457163417547	3.54067246806903	1.1075524159511996
1.2009013055594264	2.89637544510518	1.1387794609259083	2.5950062392176547
2.2311025164236953	1.636468057033253	2.1966446043062215	0.7901730049873784
-6.288033205713158	2.9667695297793584	-1.3124293826102784	2.416723464258558
0.7330437252672963	3.202350891477178	0.3988136301543891	2.8651795526933195
3.182658163015493	-0.20887866285745574	2.793400973120998	0.0007108169915446031
5.93128120210485	-3.757925588881814	3.3103899162124364	-1.1832532799006332
2.4942427794695687	2.829186220232991	2.1225141131221243	1.087992950657807
7.36976969566865	23.30551377254857	1.6206116911098365	1.041061600312984
1.7747865377304848	0.2790851596498621	1.5937238664937374	0.006060554361889527
0.9862900727272209	0.9190554884499813	0.7818873894425803	0.25825180098589867
8.010953430368449	10.619826782293345	2.6394282912639895	2.012186540987904
-1.054554731632745	2.7453341773211206	0.6373683086728753	1.455792073724557
2.7504021892020494	-3.7015640900272437	2.307409649155536	-0.021731616508274362
4.972124836312033	-0.7893235546684506	3.3635815871009864	-0.5337362570770932
2.8142078870064298	2.3732961861461512	1.4592004301137584	2.699970484064579
4.389599199115859	0.5182635919365602	2.9607384666887073	0.9205157348506446
3.4353601962996	0.8122466880755096	3.1488997983214215	0.633952261170176
2.0557578878919687	1.2180787368354926	1.5614699954074192	0.8200538654944323
-1.6206941010347145	6.849240122487102	0.9277780885259687	2.771743354398399
-5.466786797295913	-4.466021337304372	-1.1689076237152833	-1.2786380806795339
-2.9562065911749484	3.73972431538309	-2.3147848658289263	1.9145897180032334
16.391188835128393	-10.414693589583878	3.8293278028092943	0.4144122371741089
3.7330809036508827	4.340768623624084	1.1663504567319383	1.823858586043918
-0.5576866955587896	-1.3311065562073705	-0.25088967490768077	-1.0741457123567375
1.530128881705744	2.2566516478762444	0.9465779136763175	1.309047903374515
-0.7336646334431668	6.821411029648028	-0.7671345548004973	2.191295607851424
-0.04234340884254651	7.860276218961102	1.7733132291801204	2.882724066730786
4.812369450223612	-1.4865756519500508	2.7285452184918295	0.7719232956407374
7.512341898823582	-5.65535930307878	1.9107047679949214	0.019115803535738825
2.612821532013309	1.7253642111105851	2.435860817882292	1.3362433521654864
-0.4806841827029897	2.2942170600987715	-0.41397721385084035	2.109095502867626
5.516945531316478	-2.5894379335141653	3.4410202778584114	0.6742766411966372
-8.233377022222491	6.806504388104604	-0.7693457336162816	3.7067569677811294
3.0928044628064155	2.8234183810548887	1.8175689243012743	2.2897263518044664
8.175595592301043	-3.4988398005477346	3.7394636903451435	0.4587484146762605
10.458499160409986	4.268282751457653	1.4872041796903943	1.1425504195094478
2.8037332460756232	0.9473600722915773	1.810560099909726	0.5268551402826883
-2.654469616433477	-8.570596776656968	-0.05207824114378083	-1.1022903518580296
1.4586716093498546	2.022414987478907	1.366554616048462	1.8466146922840017
5.129806879899673	2.8480436025346925	3.2624402274177093	2.281779704665268
1.0783142078158132	0.3226961377031255	0.5254545301776378	0.032613146863989195
2.745891518197902	0.7696063924015584	2.1744562769845057	0.5192139260136491
2.900948024156416	-1.2975660999289402	2.5950799215627893	-0.9321048947635832
2.134566841718646	1.4899218500187088	1.3470858375697723	-0.026746116905494496
1.5961735685668372	-3.79916141659049	1.4263447709329322	-1.351533842046208
-1.2270887976751583	3.5752759003676915	-0.40894460239353003	1.6383771318888691
7.95253905565824	0.19106183831706244	1.2513747188243978	0.9805111266624783
0.4452661743000087	0.8609453589960567	0.3039720337076518	0.6322788532214083
2.7785558309741805	0.8456070218281616	2.540552156865719	0.46293891655537645
1.1225286152960046	1.9100973208383354	0.595080868371386	1.695585240181711
2.14142566613206	3.4329919927762975	1.791781061344936	2.904505549722188
1.9820199933503029	1.5711113329560598	1.494914287164259	1.395864282114242
5.039330730770944	-6.3986162227078	2.108925739122988	0.4574454893011273
2.5516467496557587	1.0961495952103022	2.169943022064496	0.7697665896827213
-1.1212236017088146	1.697275079306041	-0.7969893366339402	1.5732749730825821
0.3018118402190098	6.898713587955239	1.3203924643760836	1.8875925653765566
12.420043464241472	17.14834070259566	0.0719522351811212	0.8901474636122046
3.8342559252975597	-2.1043248245851065	2.1207347845374476	-0.6249467817438698
1.300272563363965	2.455631591535873	1.2250258639418723	1.9927271199133265
2.59212540676995	19.393715496949778	1.30634164142458	0.3038261447232389
6.062964914091177	-6.857521690997517	1.409348112769527	0.013641617837790866
2.692412160207265	3.1229925010981128	2.5351625836749645	2.473292052043358
11.766716828979792	11.830975607820452	1.130501367722128	0.5884804543454559
0.3023251195675339	2.5917716731243323	0.4770692983344941	2.3385312047513382
-1.8837640675877432	0.6569469629440212	-0.6838989424227122	0.8610356374599722
3.250642979904788	-2.137677985141421	1.5452176457317583	-0.279500749503138
2.533029519909194	1.433601296110874	1.6786073236175318	1.071082280355136
-3.062637635044761	4.505620167828661	-0.8244084443683267	3.484480375943807
2.233374424962112	3.1129409537081254	1.432050276825569	2.81923583884199
3.362446748636506	1.991049177318376	2.7087003463087034	1.4878118575304133
3.48725135227953	1.5424864668494884	3.3141803576776034	1.1143036393482704
-8.224151566815463	20.073199962810214	1.4387955459109871	1.8430276892635138
1.862393217927243	2.690798754795906	1.3186457851381295	2.204712465282787
11.078852844228319	5.092814297319842	1.3963941314198958	0.7448955392120901
0.760255933902574	2.3874474085119273	0.953414544162678	2.117069775190963
0.5866414215629081	2.944922405846767	-0.41366172066178897	1.9200882215474269
0.8094000091684886	2.3661143032192773	1.2604024959958389	1.5880527166400837
3.8989846770152203	-13.315732010126725	2.2853316584712027	-1.170467448503047
1.3602610355421019	-1.621307557006927	1.483784412169786	-1.0015826424210528
3.2898449816987467	0.6002128149251327	2.795169954511141	0.7072620239865407
-1.0164772736423742	3.6432401516630804	0.7369307482152228	1.9002261589971547
2.496742603470191	7.1157573092478446	2.7110510264908902	0.6650651432345233
-1.527917697745035	2.234002233993353	-1.5233023494616922	1.7919811499356764
1.5300142117553248	0.33097892578541493	1.3961628336398655	0.05791004280133612
2.0832625360409978	3.8732351290529485	2.8300834660678964	2.686842020780604
-21.452876059506075	-43.31964977790201	1.9251376390485488	-1.0945522056606325
6.053667663494502	7.138172007953821	2.0086973858808097	4.031900818894801
0.38241682825275114	1.5569420344770422	0.28987926354048105	1.4093888982556158
2.8803378343822352	1.0635721771426903	2.477142178044255	0.858190467390325
5.586338586604854	4.001562731459172	0.27290282616106	2.425884612058753
8.570189682039087	4.023290324538054	1.4167128007803889	0.9638152773298022
4.437434483498569	-2.5773343551041754	2.9625603312629636	-0.022728097186302403
0.22681935256741037	2.4451618503970223	0.2903565599744395	2.314268177600391
1.833835178869327	4.044315153946465	1.9979970287919386	3.182299822457034
3.8241631212250518	-1.4270884465514506	2.5936114401875714	0.13214719321414342
3.3288326559347663	-7.453967034058128	1.2663320087819772	-0.29911580309962493
3.5281917620901355	1.0321286711585482	3.2071936323359673	1.0119457559734646
1.9333033078244062	1.9245484137423061	0.6867651551534234	0.6361673039384521
0.7161529452603441	2.266400456356554	-0.08663616509237333	1.6645738353173887
1.0569403815596459	2.552345175257652	1.3336321999587524	1.4226180556473096
2.1208317361444897	1.6837056522212415	1.4423517564309811	1.0818724333293335
1.235096622758357	1.8002198944227878	0.6695614003797555	0.646545975131281
3.9757294335550792	-1.2816367847837187	1.981165374445512	0.5014237485576197
2.335380192630629	1.7673329271876195	1.5040614489165052	1.3302777788214892
4.658770683466673	3.050263031978192	0.7089132905870771	0.05188872979851477
12.447097818210606	3.490749956493369	1.952789914369866	-0.2672632080230702
1.967908056227014	2.2033724064504807	1.730326532776841	1.861108797745393
2.384522451018208	4.082653271966199	1.2821382432088202	-0.11122943929174822
66.23695055616818	-144.55551805103062	2.4864863377819777	0.987742919909052
7.839432143633116	-5.898412883271301	2.4933723198211353	-1.0032360462606702
6.924084945801694	3.9738374070744085	2.1289923980625174	3.411932338190241
3.4400435828163682	2.299297897198259	3.160841082505803	1.9641288743421477
3.283648403197022	6.935245970382337	1.8264700597847099	4.970839532115845
1.2326427488530995	1.1057226710514787	1.1175255519574079	0.693224341643546
1.33699864045845	2.3245657108273696	0.9655229412305029	1.860627707353593
1.8416168812799	1.3996107597818694	1.6863965361303215	1.214571234767112
0.5893197760292597	5.2332259192086985	0.49058723717539593	4.323082179957471
-3.5263675055958315	-2.7532308955165803	-0.9240667583986156	-0.7061328083181659
0.6314500500666225	1.3701251960898417	0.49916591478522404	1.182556795901638
1.8962885697615435	2.998693237437383	1.4321954034827615	2.8167657837681412
0.9358583593153714	2.7460348722694405	0.33912000759096333	2.0179441664466826
2.3642131755484077	2.2984337260321923	1.9877424070753449	1.9093955920914545
6.978038143906572	-4.426369296373803	3.51553972373242	0.2085707980067989
0.9242773173648318	1.563605100371924	0.4632063689486897	0.4466502935065847
0.7756011710786166	0.05945865353367375	0.589952859662339	-0.05304912622022579
3.1340043812950245	2.6704763349273524	0.9047475684317966	1.694851267933692
2.9318779765902256	2.4115339821526054	0.01340656751275352	0.05967420634697749
3.055171440261264	0.8618883281089696	2.5862204919593386	0.9106500171113433
1.9676363246730515	0.7935204409353117	1.538138636078854	0.47793429177224955
-25.21843583386438	28.517924979792525	1.2293519812547886	2.2456791171931636
2.4507354807886	0.8640284683210616	2.1385129056924557	-0.28035263243083225
2.7928082824401024	1.035189734278754	2.5454453161699733	0.6026068539784262
1.54890170363345	0.24143390427132078	1.2230506927073763	0.26885962387848583
1.3303756016649693	0.7055370468142224	1.0158316892622126	0.8426092297091953
4.704893440801088	2.7300029232775627	0.730252043603023	1.1139692522157216
4.314084193310265	1.9561006487366106	3.726690230734648	1.9174770436885378
1.9952408299239313	4.8594160022097155	1.9698799981935173	4.219426671912392
1.6073659171941135	2.801019886092296	1.5629806987232229	2.3635891509379796
-11.512688799657418	14.617990636385182	-0.19705885402360201	3.1083127187318067
3.6670110687282946	0.3359077097489571	3.3920164737458545	0.40047535216970925
-2.006200060716562	0.18479975985490443	-0.927499955147656	0.8307020301904036
31.51372325231096	-3.202248349536791	0.3188686518435904	1.6569446064137372
-9.814019951740022	25.42912411074222	2.65458837141994	1.8703956469782486
2.3960478581951397	0.48817693718393634	2.1828707364760325	0.15720225686589787
3.4736813475559853	2.7890999447344402	0.9131533722902117	2.5094981485143006
3.155485886882431	1.4498602585076856	0.35041273895124003	-0.34310677935667255
6.362902796919625	2.6136029911997594	0.7602547809912802	-0.39689033787671435
-6.3295303831249985	12.76075883483137	-0.35376472647067014	1.9498452685229692
4.200881982064574	-4.128346064637775	2.84518232687275	-1.6843346024477948
-0.48472248398224504	1.638994447674982	-0.4489083656713881	1.1867086294601328
11.92147168114131	25.32016225919225	1.1436437091679872	0.7385221135506237
0.36379677775072244	1.3072017853937257	0.025393573259529578	1.0262307323041784
2.946881879506199	1.7611821482084131	2.673717821788951	1.7783121583587373
-0.01831092519666147	10.520551585658566	2.1498443656918504	0.6570042259052046
2.988120244222469	0.7730699417006703	2.4989810630278315	0.39961391852141287
0.7112485243475208	-9.705522425623826	2.8271076479354003	-1.592012662974853
3.4111847691634334	0.8905538401729769	2.570650459259426	1.3026586246448923
3.5175882348841134	0.7762849337303381	2.0524459618920488	0.14776411155822083
0.5731828447723669	3.0035906625551707	0.4377946466397071	2.2291170154226316
3.038538935634666	4.560809568697183	0.004935570279682162	2.498086781719152
-41.26636368075786	-0.1787868338877684	-0.25607953701523184	2.115526609753919
646.4984570642151	-234.46651020279418	0.7825581577032412	2.11706127912082
1.4369283036782712	2.5723670859850034	1.314312742294444	2.203111287766702
2.697317694800409	-0.5861703137039498	2.1731672556939956	0.07155534429130031
2.9793071127899315	1.9645496324187224	2.7433644107469544	1.7932396951236997
9.138377617999872	-0.8252266016581965	1.1128220805110192	2.305221336873867
2.408493339657194	1.812552100395734	0.824731066999225	0.4050427889144608
2.9671833028356236	2.4639730211018227	2.485774932113278	2.034389810205766
-15.881396451046495	59.87262490870434	2.4124065368475565	0.9127294703412249
-3.587786445182762	6.7545590174165095	0.45304500479100335	1.7607246359675959
7.183435888234383	7.518427068423785	0.9901837787908175	1.344082953795665
1.508337139583432	1.4355287255863207	0.922236310824528	1.009559007946072
-1.543058984560537	4.910717161326341	-0.2451137423930434	3.5845900567119164
1.062578578287816	5.560322087211378	1.9537172977518773	0.5806289453034791
1.3493985790877008	-0.4547686620994999	0.839782277072553	-0.24733467381068855
4.273736089719352	4.9384041974134885	0.9503605927308809	4.620791406716373
2.3260621531242265	3.5871786214164025	1.6882444046753065	2.907362982556035
-0.776178275630905	2.353267574408395	-0.9245472183159904	1.200890414588278
2.2131761473452802	1.0480386320211859	1.602891843520517	0.5460033274550229
1.5702752351404483	0.37564758169412554	1.4421312453015407	0.22873126513565273
3.545868299993103	4.6311265298438835	2.85992900805356	2.6202497724030094
0.3057647825847181	8.52028327927162	-0.46153861660690976	2.0584426200830364
4.473894026351748	-5.1429286976471635	3.6191732480353305	-2.1434518839092873
0.3505118103329974	2.1557438213494264	0.20194306370622905	1.9084545295919233
1.106184825435696	1.2088609474212482	1.1430898795837439	0.8872212448453868
-2.4947917156322115	-0.16423897708298732	-1.1786453596599547	0.14090435294001852
-0.48449004293164466	2.9131773770815825	-0.5085092148850341	2.6582945638037394
1.0113043933644843	3.1269064767393404	0.8105077327436347	2.843655413931875
4.630749471165417	-0.6109120063554508	3.8230751146886273	0.03359872513229064
5.2806069947774334	0.25690080733169995	2.4186034120659103	2.0698192686436143
1.2839034775536102	-1.5500053092509998	1.0771013296058483	-1.1302929147228642
2.5836070948030123	-5.014907967596251	2.661055279890402	-3.0903338753754515
-2.920853195739123	1.7435190613486355	0.08513360830286155	1.2961434118468538
1.5944583617612529	3.083268517116898	1.1303284230883137	2.8570126943605345
1.4711669729906172	0.9806230098905669	1.1541642146415254	0.2509591766059101
3.5915289274601023	2.0565344418723783	1.94032406693612	0.5062236109995941
3.3722417904451145	3.408622773020068	0.5795534738505357	2.593812957487382
0.75143575023374	0.9683403882906846	0.5264172896932267	0.6777976758598566
-0.44046023515602867	8.223586057421807	0.8150799996920689	0.39857016155414426
2.234159947525547	-3.886385403235586	1.9559461623702699	-1.047633462079601
5.560810672321046	2.1862049586438426	3.0210425889403143	1.5974290590131794
1.4052075569688869	1.5879098455750817	1.1982793324759973	1.0858529346565997
2.0258140195785717	1.7496156911578253	1.0265435515633712	0.8129241543992206
3.284019883104193	1.2234070149425638	2.923459135488568	1.162503307590002
4.156836470630105	1.4857147066807337	3.7255036522100933	1.350303542982203
0.2715122164084683	1.588649521837937	-0.004496588824974107	1.2141929100288842
-4.278508117510997	6.346267460301769	0.17675772971018855	1.8303120083974354
0.569380248700567	2.8059983478524244	0.8303882977986008	1.756981875693007
1.2041144739460927	-0.7791337660571793	0.8520100676260381	-0.5190659882925593
0.4510868517048726	1.65575876793115	0.3734392370723632	1.4233295430160273
8.276967293406384	-6.448459003706786	1.0731393546233003	0.8740950471725424
-10.655189293764	4.434084563148115	-1.0406604840602258	3.145920489451114
0.8583982323500878	-0.862998711090287	0.843886313890366	-0.6945359753941189
2.5312027182219214	0.6040875298912136	1.778860616771424	1.1773772536284224
5.324592480239363	3.4321044189727625	1.779706154531605	0.48424257148626315
0.8317858635980708	-3.13147707411399	1.2392245139371898	-1.769018662745587
-4.88418312267524	16.679489332712667	2.1823909485476682	5.408803158316631
3.2317798390590973	17.303398126581797	0.9917714381875691	0.019667494701265754
4.56519391069966	0.886902823210372	0.07369019852548417	0.43633168505806597
4.129011622192968	3.4420091312951984	0.832562185511002	3.090608288891086
2.2481501467108074	1.335384037283132	1.9300574179289152	0.4905609518172435
-8.918267571462472	35.96467275291781	2.8032225989121597	2.371798257444813
7.7992895929798935	2.0178265589690736	0.13635771938955915	1.2618272962843313
-0.2545679155891982	3.727217093199113	1.398861755459677	2.3284915409634084
3.1622179768768373	3.2087733165894137	2.2164845003708646	3.0340115519390656
1.9364947627726607	-0.18395898775567224	1.7391820796977824	-0.19698703858410863
5.8939170238144385	2.1629401438185085	4.353776363584602	2.0051706933301348
3.7401180835592727	4.6945250972432735	2.703562037503292	3.069879620690091
2.299685212414208	3.8114123481675577	0.2098318072598498	0.48906202923229125
0.1943870060074856	4.884420176561182	1.1776860781375946	3.4977284515291815
-0.522433019272627	0.9700284947452885	-0.5332982745725624	0.8718760305022415
2.529333175462916	-1.0843739693113634	2.1711919609454817	-0.4881463665206332
1.3473280747117262	6.359376443431889	-0.1040953281710536	4.025880652632233
3.8165736759722257	2.5249056877060267	2.323261468111626	1.0081698278306674
-0.5824516283726615	3.6673988717559993	-0.1314829268220255	3.218573916325599
5.928982242262609	4.302637805767236	1.222207162779313	2.1839597945370715
-0.8854870516710457	1.3953435355909796	-0.7299740173346954	1.3527248687557518
-1.0033568831335924	-5.430780426737383	0.2910128723365765	-2.0306668771057264
-9.34535794002964	-26.922920642248265	-1.0355252076726482	-0.37320046944897606
2.2203021636558957	2.491832286624179	1.813376501581865	1.9531568521460028
0.11382589861025941	2.176227036990799	-0.08531015026867268	1.9694531244335256
1.1414233745965094	-1.0901580212620583	1.1328542593039608	-0.7981390733309205
1.7009554990952784	1.0607102297369064	1.4022426541742075	0.951724830271248
-0.9182215464823461	4.182927307513133	1.067847292117067	1.719448702557848
1.3075668263563578	6.482211449076382	2.772943346791376	3.311035661427905
0.4482824054268908	4.734525140595132	0.9931946187545302	3.6815430793467567
-1.1521391619886612	-1.4515951586174776	-0.32887268934056685	-0.6870304716669604
1.7060425801963857	3.322524014052575	1.5711506704803166	1.9202557424748543
24.539276460529926	7.106769325478005	0.0639751199055703	2.606509113611881
2.5158816557141592	2.3968502691894433	1.637952295281951	1.8928557220932343
0.9003323300274856	1.09131058000404	0.21670649075189283	0.1663442775220497
1.8984203512104325	1.8872320989066191	1.7566826755320197	1.6578019890271338
-1.6879059337474154	2.0122560321678455	-0.5682958555026006	1.9756449475269884
2.668588531644014	1.8656189786117796	1.8026697958521312	2.200360686395581
0.5829663200074401	-2.1575629846950624	0.9118116334103112	-1.4076404843887862
5.027910605155984	4.0742974190748305	3.8195297821357346	2.452488740074924
-16.207560607457253	-7.119786050282957	-0.9889984837323044	-1.0133069268356971
2.14400533053659	2.737945273401885	1.976430106570761	2.563590483377044
0.30136394507317327	-4.354700021286196	1.2264119913582954	-2.151458445801401
2.713455548845588	1.0937426859808632	2.553208309683836	0.8001545452758108
-40.620691641489806	131.27187453310614	1.0829671015531956	0.4306644647282394
0.5381682733145944	1.4055065634147068	0.4782598628403261	0.988204074945784
-5.278463248876631	4.414773322510778	-1.4970246369566422	3.7252700535492744
1.5530392348500321	1.4800258124284662	1.0759683948167549	1.6566793387678738
1.694558816848359	3.0090552532937935	1.769282949227243	2.362606911960839
-0.21781584482052746	-3.606338022772162	0.4214268553003287	-1.6032998703798775
16.323828748162168	4.254018643878614	0.6456660755945459	2.7262567867255108
1.6272213710705783	-7.648790900274212	1.7479025777072206	-0.9386498448696379
2.4518032475236677	1.7973235420157612	2.2278646960008737	1.3841652274379752
-1.3144999270246702	-3.4552312685717324	-0.18657200240184033	-1.4583308719279884
1.2969932321659516	3.2049378710716754	1.0224975653312087	0.3279833064109068
1.82754431499625	1.3679006809204264	0.6434083590918179	1.5650507689760498
-0.8075622308877293	5.219386658716127	0.40140966753859475	1.950881043886058
-0.921432506591394	4.282840496437424	0.019488994495415468	1.4421384212633084
-2.2048102342501394	0.7998184585207844	-1.6446745638920621	0.8010339196945603
3.149232983398507	9.11966680789125	2.0667717618937456	5.030095274500548
17.19512339298398	24.299849230001612	0.6198011477352199	-0.07100782990556181
2.7527553871107466	5.627181065365903	0.8065288730394842	3.5348757739345187
0.3497103892060951	2.358624527713226	0.2660732560607135	2.209566427399567
6.421572748376712	6.437531172726007	0.34000304289437083	-0.0809536272419993
5.543397158817469	4.415882865339695	2.7944742289994116	2.57360803253632
3.506694186325212	0.5063662366918845	2.0566927676148965	0.8528322613363994
11.341934626685706	8.117054899953827	2.2565225375399796	1.2281406724102628
-1.9525713017167796	0.8662960749877779	-1.1604549962309725	1.2014788068357238
6.3485812272157585	0.1572590199422285	3.367336991830053	-1.085695936356746
0.3885530915127542	2.4981508531967367	0.6099551915519961	2.0392437817369133
-0.6921080918123469	1.60416874972963	-0.3431106007202124	1.2759683016559036
36.03849905604246	48.80116351935139	0.7826228802648371	-0.0675513983631612
-10.29491401102356	-14.07899360516644	-0.47903818781024304	-0.7365920602250754
31.137145091028717	-22.82745806153011	2.7110049463026815	1.8863032676060287
-2.2540568643408516	5.52621455457108	-0.5573663332021596	4.0620601939492245
-6.045532350533752	-0.7905511678789024	-0.917416106687071	0.865523410995812
1.9840957553161471	1.7034570670256095	1.0958043067364318	1.6682029783767003
3.5804485213603034	-0.3149273962235572	3.116434272171977	-0.17016889006034977
0.9452422304158126	0.46549227429411677	0.8266492592385166	0.3200922889889775
0.4358885188231375	-1.2607926421913291	0.6552418589161879	-0.5463548110812082
3.636430501712134	3.004986501878638	1.3394560809603413	3.5385511892631696
3.0019244329665966	3.2246718915187755	1.6808667215899247	1.4434406835885951
15.564812865723509	-34.10596197137497	3.7390347201403107	0.5109543117809412
2.916068702320794	2.561922848754436	1.8630255841895436	2.4337281038376384
3.0371618690626048	2.028079277290654	2.521149298029503	1.1395417013633113
3.5596307717237514	0.9847544098245009	3.328356712660515	0.8933150902287164
1.0426390175251796	4.834719112598987	1.288603524377626	3.156211028813169
1.6778450513342384	3.9045829566089663	1.4539313553554565	0.27238526392327694
1.799721497956301	0.5063893071376873	1.4358386664671456	0.08892127148506104
-0.281703751647392	2.6479228834633046	-0.2832169230464386	1.8977299584891578
-0.3485003215582594	1.3492052959587226	-0.520914361530461	1.1050610230736215
0.7928434045220882	2.774044662886987	0.8295400042744534	2.4329618571834852
2.050179532542767	1.935826338572982	2.0067379181671354	1.839149566075341
0.14130075034646206	3.208686089862006	0.258752005969445	2.490774178680654
2.5636197082382126	4.661598845612794	0.9760799599188477	3.379292393511479
3.7718880771391587	0.3460400143968565	2.7372881378153413	0.46299464237754934
2.387710400131414	0.8723474071051284	2.1457661600187845	0.8077138019693788
1.3078545824759982	1.3592845929522648	0.9239532636605242	0.9624772100717031
1.7483934516164448	1.4910160611681058	1.5745444310732721	0.8142236035550321
-0.8642531906571628	5.316700757355017	-0.5135868591243317	3.5510186805504556
-25.62494330958003	-15.620748416272507	-0.6029924488451169	0.2422716255517767
-4.77158304040851	9.186616468081427	-0.26282594077184745	2.771146230641559
2.6349370580575484	-2.275879916561953	0.8527255431508971	-0.13048482856123908
8.88589338345586	15.708401203064977	-0.7848411687815174	2.2011519228580956
2.694706002285428	5.687771526119137	0.7944826575286157	-0.21478480505026187
0.7903201504348943	3.632257604351519	0.627974018412656	3.2585390126174136
3.0177818108035055	2.30209424482745	0.9378403287774194	0.9392373938879686
4.118823637199567	0.8567336949878713	1.748361641760576	1.972086959351868
-17.699856337558515	-39.2406268472919	1.156938432250093	-1.6061053172462205
3.842233251550331	2.2337292568639997	3.1709379699559834	1.7690652470874295
4.996352779903406	3.2120729825646572	3.028569519144803	2.3518924910608368
16.38107744387009	-9.393734492058414	1.788403405870064	2.130632450069574
1.474749068546705	3.8622087932341955	1.4807417988648746	3.386351563006143
-1.7776703929711315	3.4219882247153173	-1.0193350448605576	3.0238509864504177
4.344125513422813	3.7157230177996854	0.2408024463505313	0.7968691335441138
-4.967126202860249	2.8378636820719048	0.008032352825068907	2.232467820298605
7.964359989463499	-7.662889671952581	3.5699430009103486	1.4813431062177818
12.450854409208473	15.745397193512545	1.7496488516977258	0.704159421520798
3.348303076977463	1.4402266830490704	3.0100462740562564	1.3866996462864536
5.50983555583106	2.0293819606319508	1.245604680565519	0.9445743467674949
4.207763578490947	1.72917602997607	3.1117809256500535	1.687063407026276
8.24633378387441	-1.2415417935534594	1.642647795010336	0.40158501883110004
-80.41294095838809	5.926253984197561	-0.12029232780031404	0.3943847392815342
2.8075185695196887	1.141617426251016	1.5975564956387154	1.3109464790750844
-6.400621077879684	-0.18982921961177346	-0.286196804588956	0.7159284005083614
-3.6245331671698855	-0.43966562397011627	-1.8617759919169194	0.13644771145461893
0.18390894210997577	1.198124828863208	0.12080679090608451	1.0987980942572821
-6.519414580533698	-7.168847409818585	-0.0455359062973864	-0.5932523977165588
-0.7316049537979239	7.913713721285357	0.6738098321839341	3.1280923977041244
-1.1475968179675418	3.4388289593374934	-0.7265621546112303	3.120264938513541
-2.274210956267426	0.15166420266946498	-1.7244845051604716	0.299244929296892
1.633475907809227	0.9022623942857465	1.4692029029558387	0.5702715172299663
1.7503470081138277	1.3282514472669689	0.3573012408306683	-0.176396411190667
4.161363056409977	7.2651247458862525	2.4355838083691563	3.5582192776014474
1.3560026770791287	2.594335242042083	1.2830156792443215	1.9013409901198375
2.149194314814233	1.0179964665929258	1.997591091948176	1.0654385711172831
4.16217544345588	2.7242119897509727	2.8328783603528813	2.0007417115741886
3.087158825073168	0.9399692064458586	2.658841093775275	1.3135622581153987
-1.5242605741738402	3.190503080414891	-1.0545615543122961	2.92500587985796
0.8112759448801445	4.1783135671250795	1.3258663175295495	3.155070936599211
1.5160440766657102	2.4557504423758085	1.3630919685551675	2.3263409923487703
0.5503374454817502	2.7010642027937295	0.3537448108980384	2.338079078965004
8.250951251155488	3.7526240565172264	2.0428595654630217	2.527349767926921
1.0329018769587222	2.8398052876504036	1.0484477013704414	2.618565763939936
1.784088422166084	-0.6725743108119177	1.7238632799701408	-0.5568910897402994
3.527452809370697	-1.9233780606258521	1.8963973581643887	0.5681213126824651
2.1408494041536	3.2679753873975295	2.19334443747833	2.7361573297976953
-4.390998457508266	-3.066575716886254	-0.2892247468327942	-0.6347072427559082
1.4938986007333486	0.9431755626161977	1.1122783508858711	0.3618732471978219
1.9444840636532539	0.30298855327274954	1.8622235052541831	0.28342249520295953
2.1281575911340713	-1.2017856324033438	2.1193698933369522	-0.8431049991564119
1.690813168029698	2.2468920836598407	0.9175699879231773	1.236133454340535
-3.9205562367226685	5.051613517998597	0.8249939882771097	3.3178372784421493
8.61694631318604	6.4854560676284985	1.9131772554721223	1.4806846131656912
4.09857057605008	3.323152895562083	3.3052246170513055	2.2480252661910343
3.377901385687885	3.0363515597004165	3.1106281352158196	2.5036478794091375
1.7810592302766433	2.7289059705926646	1.3988580243465678	2.223787681785931
-3.486322823084898	9.132920615997515	1.3645316763569943	2.5996118143461175
-1.5385604598023912	0.11799716281653543	-0.6818889720662289	0.5002524462204389
2.235802374434863	3.9036994383070667	1.8576380639043701	1.7279811481056317
6.534499342576933	3.17466924070929	1.7349518946879001	1.0426178655940428
2.759010830616382	3.7862286781449592	1.7713060110822456	1.4257146798714462
1.003678655551229	65.10673546251475	1.684792273486032	0.6916021306150287
3.9572284837218454	12.410654518509187	1.3712245649160355	0.539412063332778
4.1985648913855815	-1.4782976521768452	3.430351118879002	-0.4845338328923925
-0.21549027151560363	2.3571159452398893	-0.03914519808933408	2.2073679240956694
1.8553513358458027	1.7988619132190633	1.6397327286751544	1.6331800344110023
1.5588199808105712	2.069921948430056	1.4732175616567527	1.9534580603201266
-1.6771911512233366	-0.4136419951566068	-0.13943264789747878	0.28187802469882317
3.3998290238030413	-2.0706879689579725	2.595437142009694	-0.334288070520919
0.9941608804348055	1.3240514955151068	0.5677495786096697	1.07292664145662
6.38245076967192	6.300738938456158	1.9445078881065025	1.1884110776375638
3.402545116761183	9.2766096466004	3.5412619813679895	5.403693646021853
1.3943895581535657	3.254831305289216	1.8962812474008428	1.2817419009833595
7.899915840511011	1.0641100332113422	1.5203621871530866	0.7268956418589763
12.002563711212733	7.404810436197032	1.7080106665750814	1.9682629727703258
1.3671475220387632	3.7591877942580045	1.4047986913889847	3.1041800728475484
4.8629995275491344	0.36307584928191783	3.1489397596346027	1.2964931778667872
1.005364726436871	7.149851839529243	1.8783553872054568	0.33439637745627837
2.3847487215993244	-1.3784863898876323	1.9524495917577986	-0.7532899286730856
3.636713767749195	-1.1471505597789067	1.7029704105324035	0.8948851610914329
1.4273344684148883	2.9239743867091006	1.3203034451445184	2.6605050480777392
2.431387612737071	4.146024437039342	2.174207934625094	3.4394498342111106
0.3347135735134872	5.5535762329379565	1.2973790816180986	2.6453889867469385
2.1018001110524813	1.559080698528556	1.9815557590668735	1.4668476764843983
2.2737508534373525	1.7567456760857356	2.0418133480539673	1.7674880830001471
13.965012506386328	9.330858176661543	2.452024259285968	1.2424176437237415
5.5332493834762175	-1.7874709696489837	4.443909204287279	-0.5949165227653483
4.80618248188763	5.2570877078983695	0.7730346288164353	2.486367022309163
-0.1685819771811568	3.7293470158796826	0.04855782569404983	3.216306487139016
2.767568441669324	2.708760106324164	2.2401048030646735	1.82730063520138
-4.370065459017302	0.6867310640805429	-1.1161660776876714	1.5477386549048449
1.8441638662927182	4.798242072520906	1.471756806141579	3.9444122936816153
2.6233575868735053	-5.241457320481	1.9853233684191938	-1.0455378452645643
2.984704781868675	12.906555973564092	-2.2529232313450427	1.9856635754248073
2.3796400854290893	2.1392796695416716	1.3437076157417291	1.7664853619918037
