x y
0.5727110368976344 2.262858935182254
0.9634055485586488 1.3281832189280438
1.5556360699117613 2.3486974457015046
1.9900182511896758 0.4375565355255524
2.4303402304800867 1.646738193538201
3.070352147996859 0.6872357895392611
3.5612618861191074 1.464815938440995
3.9230151794762342 2.4518005828663334
4.581083308356649 2.5886971139456314
4.998632749642441 0.8054002054204563
5.4105725068971395 4.515796432043562
5.949085370772421 6.119424968016888
6.520699711925299 4.112662128172257
6.971396642781029 6.228999139143287
7.457306831227848 6.354873874990683
7.94506922070538 7.06677795633609
8.593071700858667 9.18368275563572
9.057938139307339 9.790270091003883
9.584280750407217 12.179172670992996
9.952201618780924 13.977836292388178
